I
1100 Generated by WorldEditor 2.4.0r2

1    589 0 0 FPPR Principe
1302 city Principe
1302 country Sao Tome and Principe
1302 datum_lat 1.662966667
1302 datum_lon 7.411672222
1302 faa_code 
1302 gui_label 3D
1302 iata_code PCP
1302 icao_code FPPR
1302 region_code FP
1302 state Principe Island
1302 transition_alt 4000
1302 transition_level ATC
1302 flatten 1
100 24.49 1 0 0.25 0 2 0  18  01.66973592  007.41105673 0 0 3 0 0 0 36  01.65398884  007.41110816 214 0 3 0 0 0
110 1 0.00 169.1 Pad 18
111  01.66973587  007.41095000
111  01.66973630  007.41083575
111  01.66938599  007.41083847
113  01.66907014  007.41095196
110 1 0.00 15.0 Pad 36
111  01.65398994  007.41121803 20
111  01.65398980  007.41130989 20
111  01.65439463  007.41130896 20
113  01.65464242  007.41121411
110 1 0.00 66.6 Apron and Twy
111  01.66451938  007.41117445 20
112  01.66470227  007.41131286  01.66472687  007.41140369 20
111  01.66478904  007.41162049 20
111  01.66493859  007.41220056 20
111  01.66584742  007.41205234 20
111  01.66572687  007.41161119 20
112  01.66515999  007.41170671  01.66505303  007.41173043 20
112  01.66492316  007.41160464  01.66492226  007.41158576 20
112  01.66485192  007.41130616  01.66484419  007.41121947 20
113  01.66496372  007.41117405
130 Boundary
111  01.67105470  007.41082520
111  01.67091570  007.41081710
111  01.67079148  007.41042625
111  01.67021226  007.41051264
111  01.65530105  007.41056579
111  01.65518153  007.41051837
111  01.65395766  007.41078792
111  01.65383916  007.41079979
111  01.65380184  007.41086912
111  01.65380063  007.41142448
111  01.65383042  007.41147792
111  01.65392410  007.41151346
111  01.65401076  007.41151059
111  01.65529194  007.41172891
111  01.65659364  007.41170567
111  01.65834149  007.41252320
111  01.65837624  007.41261848
111  01.65995792  007.41234164
111  01.66037241  007.41222437
111  01.66328516  007.41174422
111  01.66457444  007.41174916
111  01.66460053  007.41213953
111  01.66450974  007.41229015
111  01.66495728  007.41246978
111  01.66590595  007.41227303
111  01.66781057  007.41166097
111  01.67027507  007.41169181
111  01.67044060  007.41163353
111  01.67044599  007.41125858
113  01.67106468  007.41123295
120 Linear Feature 10
111  01.66478904  007.41162049 4
115  01.66492316  007.41160464
120 Linear Feature 7
112  01.66876744  007.41104906  01.66883969  007.41105067 1
112  01.66906339  007.41100893  01.66911501  007.41099855 1
112  01.66932114  007.41090847  01.66938214  007.41088502 1
112  01.66951554  007.41088055  01.66955618  007.41087867 1
112  01.66964155  007.41090266  01.66966302  007.41091871 1
112  01.66970568  007.41103018  01.66970077  007.41112422 1
112  01.66954243  007.41114074  01.66946398  007.41113286 1
112  01.66933275  007.41108820  01.66930883  007.41107338 1
115  01.66915877  007.41106297
120 Linear Feature 6
111  01.65509072  007.41111351 1
112  01.65445645  007.41109591  01.65442468  007.41108933 1
112  01.65427902  007.41104138  01.65426410  007.41103402 1
112  01.65414974  007.41101856  01.65410490  007.41102698 1
112  01.65402139  007.41114041  01.65402389  007.41121004 1
111  01.65408577  007.41124549 1
112  01.65422252  007.41127395  01.65431350  007.41127724 1
111  01.65438213  007.41124777 1
112  01.65446352  007.41120337  01.65449515  007.41117904 1
112  01.65461144  007.41114927  01.65463372  007.41114169 1
115  01.65479839  007.41111893
120 Linear Feature 5
111  01.66554228  007.41106427 1
112  01.66492695  007.41107803  01.66479259  007.41111470 1
115  01.66476181  007.41125088
120 Linear Feature 4
111  01.66487860  007.41169920 1
111  01.66491230  007.41182838 1
112  01.66500863  007.41192280  01.66505332  007.41193950 1
112  01.66514129  007.41197711  01.66517160  007.41200595 1
112  01.66514464  007.41208762  01.66512598  007.41212920 1
112  01.66501795  007.41213004  01.66498800  007.41212120 1
112  01.66494031  007.41207231  01.66493000  007.41203893 1
112  01.66494158  007.41195381  01.66493992  007.41193171 1
115  01.66491705  007.41184777
120 Linear Feature 3
111  01.66413762  007.41106558 1
112  01.66445889  007.41106588  01.66467145  007.41107106 1
111  01.66476181  007.41125088 1
111  01.66485973  007.41162321 1
111  01.66487804  007.41168379 1
112  01.66515130  007.41176804  01.66531327  007.41173387 1
111  01.66549597  007.41170586 1
112  01.66571755  007.41183856  01.66574296  007.41198260 1
111  01.66558768  007.41201984 1
112  01.66542353  007.41201111  01.66537937  007.41196616 1
112  01.66535584  007.41187852  01.66533202  007.41181738 1
116  01.66517848  007.41177065  01.66513009  007.41177179
21  01.66705837  007.41135369 2 179.4 3.00 18  PAPI-4L
20  01.66474159  007.41164018 236.7 0 2 {@R}36-18{@@,@Y}APRON
20  01.66497821  007.41159446 262.9 0 2 {@R}36-18{@@,@Y}APRON
14  01.66510655  007.41232615 46 0 Principe
1300  01.66494943  007.41203809 260.0 tie_down props|helos|fighters GA
1301 C none 
1300  01.66540555  007.41194563 234.7 gate jets|turboprops Ramp
1301 C none 
19  01.66833530  007.41125640 1 18 WS
19  01.65486394  007.41087460 1 36 WS
54 11890 AFIS
1000 Rwy 18
1001 FPST 090 270 125
1002 FPST 0
1003 FPST 0.0
1101 18 left
1100 18 11890 arrivals|departures jets|turboprops|props|helos|fighters 000000 000000 Arr,Dep Rwy 18
1000 Rwy 36
1001 FPST 271 089 125
1002 FPST 0
1003 FPST 0.0
1101 36 left
1100 36 11890 arrivals|departures jets|turboprops|props|helos|fighters 000000 000000 Arr,Dep Rwy 36
1200 
1201  01.65996956  007.41193648 both 0 Y_stop
1201  01.65948281  007.41214184 both 1 Z_stop
1201  01.65944187  007.41156582 both 2 Z_stop
1201  01.65947519  007.41206974 both 3 unnamed entity(split)
1201  01.65946611  007.41196389 both 4 unnamed entity(split)
1201  01.65947626  007.41207984 both 5 Kibo Stand
1201  01.66495273  007.41200057 both 6 _start
1201  01.66494820  007.41206104 both 7 _stop
1201  01.66494931  007.41212391 both 8 _stop
1201  01.66505271  007.41213904 both 9 _stop
1201  01.66516698  007.41209995 both 10 _stop
1201  01.66516881  007.41198310 both 11 _stop
1201  01.66497772  007.41192243 both 12 _stop
1201  01.66491029  007.41181740 both 13 _stop
1201  01.66529945  007.41179866 both 14 _stop
1201  01.66535029  007.41186635 both 15 _stop
1201  01.66537482  007.41193173 both 16 _start
1201  01.66539729  007.41197628 both 17 _stop
1201  01.66545405  007.41204166 both 18 _stop
1201  01.66562387  007.41202396 both 19 _stop
1201  01.66571752  007.41193027 both 20 _stop
1201  01.66573032  007.41184981 both 21 _stop
1201  01.66568826  007.41175872 both 22 _stop
1201  01.66554380  007.41169607 both 23 _stop
1201  01.66516151  007.41177038 both 24 _stop
1201  01.66510040  007.41178303 both 25 _stop
1201  01.66487959  007.41169193 both 26 _stop
1201  01.66973592  007.41105673 both 27 _start
1201  01.66471403  007.41107378 both 28 unnamed entity(split)
1201  01.65940952  007.41109193 both 29 unnamed entity(split)
1201  01.65398884  007.41110816 both 30 unnamed entity(split)
1201  01.66486214  007.41163796 both 31 _stop
1202 4 0 twoway taxiway_E Y
1202 5 1 twoway taxiway_E Z
1202 2 4 twoway taxiway_E Z
1202 4 3 twoway taxiway_E Z
1202 3 5 twoway taxiway_E Z
1202 29 2 twoway taxiway_E Z
1204 departure 18,36
1204 arrival 18,36
1204 ils 18,36
1202 6 13 oneway taxiway_E 
1202 8 7 oneway taxiway_E 
1202 9 8 oneway taxiway_E 
1202 10 9 oneway taxiway_E 
1202 11 10 oneway taxiway_E 
1202 12 11 oneway taxiway_E 
1202 13 12 oneway taxiway_E 
1202 26 13 twoway taxiway_E 
1202 14 24 oneway taxiway_E 
1202 15 14 oneway taxiway_E 
1202 16 15 oneway taxiway_E 
1202 18 17 oneway taxiway_E 
1202 19 18 oneway taxiway_E 
1202 20 19 oneway taxiway_E 
1202 21 20 oneway taxiway_E 
1202 22 21 oneway taxiway_E 
1202 23 22 oneway taxiway_E 
1202 24 23 oneway taxiway_E 
1202 25 24 twoway taxiway_E 
1202 26 25 twoway taxiway_E 
1202 31 26 twoway taxiway_E 
1202 27 28 twoway runway 18/36
1204 departure 18,36
1204 arrival 18,36
1204 ils 18,36
1202 28 29 twoway runway 18/36
1204 departure 18,36
1204 arrival 18,36
1204 ils 18,36
1202 29 30 twoway runway 18/36
1204 departure 18,36
1204 arrival 18,36
1204 ils 18,36
1202 28 31 twoway taxiway_E 
1204 departure 18,36
1204 arrival 18,36
1204 ils 18,36

1     33 0 0 FPST Sao Tome Intl
1302 city São Tomé
1302 country Sao Tome and Principe
1302 datum_lat 0.377777778
1302 datum_lon 6.713055556
1302 faa_code 
1302 gui_label 3D
1302 iata_code TMS
1302 icao_code FPST
1302 region_code FP
1302 state Sao Tome
1302 transition_alt 4000
1302 transition_level 
1302 flatten 1
100 45.11 1 1 0.25 0 2 0  11  00.38037921  006.70286444 0 60 3 1 0 0 29  00.37595278  006.72124297 0 59 3 0 0 0
110 2 0.25 12.0 concrete_4D.pol
111  00.37596292  006.71258176
111  00.37513668  006.71237711
111  00.37492395  006.71324431
113  00.37575822  006.71344082
110 2 0.25 14.0 concrete_4D.pol
111  00.37763390  006.71079806
111  00.37725250  006.71070129
111  00.37718345  006.71093472
112  00.37730302  006.71093698  00.37733638  006.71094409
113  00.37758170  006.71099696
110 1 0.25 13.0 asphalt_1D.pol
111  00.37766435  006.71286130
112  00.37728109  006.71282922  00.37719208  006.71280997
112  00.37521164  006.71233319  00.37516834  006.71231933
111  00.37515779  006.71225613
111  00.37513712  006.71237060
112  00.37726736  006.71288337  00.37735578  006.71290081
113  00.37764716  006.71293391
110 1 0.25 14.0 asphalt_1D.pol
111  00.37513668  006.71237711
112  00.37516197  006.71224749  00.37517277  006.71220822
111  00.37528771  006.71172983
111  00.37534356  006.71169540
111  00.37544702  006.71156743
111  00.37547296  006.71145247
111  00.37543551  006.71133239
111  00.37509721  006.71125144
111  00.37499972  006.71121350
111  00.37498862  006.71113041
111  00.37481430  006.71128051
111  00.37493812  006.71126497
111  00.37510682  006.71131983
111  00.37502712  006.71163469
111  00.37522610  006.71167726
112  00.37509233  006.71227957  00.37508288  006.71230602
112  00.37502619  006.71233739  00.37499501  006.71233173
111  00.37439680  006.71218033
111  00.37417689  006.71212281
111  00.37411659  006.71190555
111  00.37404313  006.71194484
111  00.37409731  006.71211276
111  00.37391275  006.71206653
111  00.37384646  006.71212678
111  00.37427264  006.71223106
111  00.37428330  006.71228743
111  00.37402606  006.71332379
111  00.37315551  006.71323374
111  00.37314303  006.71330125
111  00.37400875  006.71339627
112  00.37427130  006.71342762  00.37432327  006.71343329
111  00.37436926  006.71340019
111  00.37447899  006.71347269
111  00.37451425  006.71347857
111  00.37450642  006.71331986
111  00.37454952  006.71315527
111  00.37457891  006.71313764
111  00.37461222  006.71314743
111  00.37457770  006.71327400
111  00.37483635  006.71333766
111  00.37478884  006.71354720
111  00.37481372  006.71355142
111  00.37490195  006.71332309
113  00.37492395  006.71324431
110 2 0.25 14.0 concrete_4D.pol
111  00.37663957  006.71055236
111  00.37602422  006.71039844
111  00.37581754  006.71128746
111  00.37620651  006.71137107
111  00.37621365  006.71134856
113  00.37643276  006.71140021
110 1 0.25 12.0 asphalt_1D.pol
111  00.37804589  006.71128180
111  00.37807150  006.71117013
112  00.37791990  006.71107072  00.37783805  006.71105060
111  00.37732457  006.71094742
112  00.37713137  006.71108178  00.37709150  006.71122381
111  00.37701794  006.71152526
111  00.37668795  006.71145342
111  00.37668062  006.71148323
111  00.37704284  006.71156499
111  00.37716363  006.71108955
112  00.37723909  006.71100265  00.37728240  006.71097588
111  00.37734104  006.71098161
111  00.37789160  006.71110338
114  00.37800158  006.71116574  00.37802838  006.71119636
110 1 0.25 9.0 asphalt_4L.pol
111  00.37489748  006.71356718
111  00.37444352  006.71348230
111  00.37438535  006.71384709
113  00.37483883  006.71391957
110 1 0.25 0.0 asphalt_1D.pol
111  00.37738024  006.70988493
111  00.37706038  006.70936540
111  00.37651224  006.70981869
111  00.37673136  006.71014412
112  00.37646808  006.71032131  00.37644715  006.71031914
111  00.37624085  006.71004589
111  00.37618548  006.71009461
112  00.37636859  006.71032858  00.37639241  006.71035678
114  00.37652795  006.71037431  00.37660662  006.71032667
110 1 0.25 13.0 asphalt_1D.pol
111  00.37756145  006.71327753
111  00.37757881  006.71321081
112  00.37721431  006.71308310  00.37715891  006.71306975
112  00.37621085  006.71283692  00.37616567  006.71282690
112  00.37600671  006.71285286  00.37594708  006.71288607
112  00.37587065  006.71300383  00.37585485  006.71306763
111  00.37576765  006.71345395
111  00.37492161  006.71325168
111  00.37490195  006.71332309
112  00.37496283  006.71330057  00.37497995  006.71330443
111  00.37496283  006.71330057
111  00.37548856  006.71342479
111  00.37582198  006.71350367
111  00.37593111  006.71303770
112  00.37593111  006.71303770  00.37594194  006.71299801
112  00.37601745  006.71292692  00.37604519  006.71291086
112  00.37606676  006.71290548  00.37608616  006.71290012
111  00.37606676  006.71290548
112  00.37606676  006.71290548  00.37609583  006.71289744
112  00.37616582  006.71290173  00.37620117  006.71290894
111  00.37616582  006.71290173
112  00.37616582  006.71290173  00.37622476  006.71291376
114  00.37719645  006.71314943  00.37727018  006.71316925
110 2 0.00 285.0 New Taxiway 1
112  00.37601745  006.71292692  00.37598972  006.71294297
112  00.37593111  006.71303770  00.37592028  006.71307740
111  00.37593111  006.71303770
111  00.37582198  006.71350367
111  00.37548856  006.71342479
111  00.37544832  006.71359242
111  00.37587617  006.71368883
111  00.37606676  006.71290548
114  00.37606676  006.71290548  00.37604737  006.71291085
110 1 0.00 285.0 Taxiway
111  00.37575758  006.72118512 3
111  00.37563157  006.72171176 3
111  00.37618467  006.72184326 3
111  00.37629056  006.72140507 3
113  00.37615262  006.72128391
110 1 0.00 285.0 Taxiway
111  00.38057581  006.70291493 3
111  00.38070146  006.70239035 3
111  00.38014931  006.70225857 3
111  00.38004472  006.70270027 3
113  00.38017979  006.70282584
110 1 0.00 285.0 Taxiway
111  00.37591000  006.71035800
111  00.37554791  006.71073617
111  00.37591517  006.71082033
111  00.37580423  006.71131238
111  00.37582992  006.71135831
111  00.37561931  006.71248934 53 102
111  00.37513004  006.71236863
111  00.37491653  006.71325016 53 102
111  00.37576480  006.71345081 53 102
111  00.37587065  006.71300383
112  00.37587065  006.71300383  00.37588442  006.71294443 53 102
112  00.37600671  006.71285286  00.37607239  006.71281514 53 102
112  00.37621085  006.71283692  00.37623864  006.71284346
111  00.37621085  006.71283692 53 102
112  00.37721431  006.71308310  00.37727676  006.71309981 53 102
112  00.37760424  006.71322114  00.37770883  006.71326286 53 102
111  00.37762700  006.71349301
111  00.37840053  006.71204679
111  00.37831559  006.71061572
112  00.37803178  006.71088957  00.37789005  006.71085509
113  00.37803178  006.71088957
112  00.37778964  006.71279325  00.37777616  006.71285595 53 102
112  00.37765458  006.71293514  00.37758343  006.71292882 53 102
112  00.37726736  006.71288337  00.37721938  006.71287287 53 102
111  00.37638078  006.71267074
111  00.37668795  006.71145342
111  00.37701794  006.71152526
111  00.37713137  006.71108178
112  00.37713137  006.71108178  00.37717488  006.71093914
111  00.37732457  006.71094742
111  00.37791990  006.71107072
112  00.37791990  006.71107072  00.37803889  006.71110432
112  00.37813956  006.71133897  00.37811829  006.71142942
113  00.37813956  006.71133897
112  00.37632214  006.71248187  00.37630404  006.71253955
112  00.37615184  006.71261622  00.37607940  006.71259930 53 102
111  00.37568656  006.71250385
112  00.37583778  006.71167942  00.37585022  006.71162401
112  00.37592419  006.71157359  00.37599543  006.71158942
111  00.37615195  006.71163173
111  00.37622020  006.71135823
113  00.37658128  006.71144530
110 4 0.00 150.0 Taxiway
111  00.37759621  006.71025862
111  00.37738024  006.70988493
111  00.37679753  006.71021745
111  00.37695390  006.71048029
111  00.37698586  006.71048191
111  00.37706775  006.71043450
111  00.37721116  006.71035780
113  00.37728651  006.71046260
130 Boundary
111  00.37576102  006.71933815
111  00.37518221  006.72173613
111  00.37643079  006.72204622
111  00.37689384  006.72012783
111  00.37739557  006.71978203
111  00.37777175  006.71895098
111  00.37931313  006.71857210
111  00.37982689  006.71785124
111  00.37905993  006.71422180
111  00.38003026  006.71269251
111  00.38057226  006.71060828
111  00.37980654  006.70834712
111  00.38148935  006.70239100
111  00.38132175  006.70217792
111  00.37999282  006.70184864
111  00.37965337  006.70209172
111  00.37821504  006.70832711
111  00.37706709  006.70933139
111  00.37301321  006.71283387
111  00.37294785  006.71330932
111  00.37342222  006.71337683
111  00.37358623  006.71403971
111  00.37329580  006.71425839
111  00.37409877  006.71502983
111  00.37453818  006.71525222
111  00.37473574  006.71563618
111  00.37456735  006.71600364
111  00.37454602  006.71628412
111  00.37450394  006.71652876
111  00.37480239  006.71693477
111  00.37518765  006.71729100
111  00.37585371  006.71733367
111  00.37583186  006.71846622
113  00.37576959  006.71906939
120 Linear Feature
112  00.37571681  006.71315336  00.37568334  006.71327024 1
115  00.37554547  006.71325344
120 Linear Feature
111  00.37530793  006.71303002 1
112  00.37541119  006.71321766  00.37553853  006.71325398
111  00.37541119  006.71321766 1
115  00.37554547  006.71325344
120 Linear Feature
111  00.37577626  006.71294274 1
115  00.37571681  006.71315336
120 Linear Feature
111  00.37573195  006.71263012 1
112  00.37536939  006.71280376  00.37530209  006.71304208
111  00.37536939  006.71280376 1
115  00.37530793  006.71303002
120 Linear Feature
111  00.37622446  006.71273837 1
116  00.37577626  006.71294274  00.37570275  006.71319470
120 Linear Feature
111  00.37622446  006.71273837 1
115  00.37573195  006.71263012
120 Linear Feature
112  00.37851099  006.71061486  00.37841361  006.71102635 1 101
116  00.37800887  006.71099651  00.37795848  006.71098391
120 Linear Feature
112  00.37829268  006.71150957  00.37837913  006.71115539 1 101
116  00.37800887  006.71099651  00.37795690  006.71098470
120 Linear Feature
111  00.37800887  006.71099651 1 101
115  00.37737899  006.71084484
120 Linear Feature
111  00.37603587  006.72128451 1
112  00.37612480  006.72144993  00.37613818  006.72147749 1
116  00.37594742  006.72167442  00.37572567  006.72166962
120 Linear Feature
111  00.38031030  006.70283349 1
112  00.38021427  006.70268004  00.38018638  006.70263294 1
116  00.38038844  006.70243292  00.38061875  006.70243875
120 Linear Feature
112  00.37796613  006.71289297  00.37791674  006.71309058 1 101
116  00.37766000  006.71308600  00.37762787  006.71307750
120 Linear Feature
112  00.37783405  006.71343312  00.37789827  006.71317127 1 101
116  00.37766000  006.71308600  00.37762882  006.71307844
120 Linear Feature
111  00.37766000  006.71308600 1 101
115  00.37622446  006.71273837
120 Linear Feature
111  00.37725273  006.71084891 1
112  00.37716484  006.71089233  00.37709335  006.71093491 1
112  00.37701003  006.71106707  00.37698947  006.71113810 1
112  00.37694270  006.71129839  00.37692774  006.71134979 1
112  00.37678695  006.71135549  00.37672434  006.71133867 1
112  00.37670244  006.71121890  00.37671292  006.71117217 1
112  00.37675880  006.71101065  00.37677096  006.71096766 1
112  00.37685903  006.71093117  00.37689547  006.71091528 1
112  00.37725273  006.71084891  00.37729728  006.71084155 1
116  00.37737899  006.71084484  00.37743608  006.71085797
120 Hold
111  00.37726736  006.71288337 4
115  00.37721677  006.71308120
120 Hold
111  00.37776651  006.71082304 4
115  00.37771613  006.71102795
120 Linear Feature
111  00.37637977  006.71267056 3 102
115  00.37615184  006.71261622
120 Linear Feature
111  00.37693922  006.71275431 20
115  00.37692666  006.71280163
120 Linear Feature
111  00.37659423  006.71266731 20
115  00.37658270  006.71271555
120 Linear Feature
111  00.37598850  006.71251613 20
115  00.37597692  006.71256930
120 Linear Feature
111  00.37582324  006.71322946 20
115  00.37588073  006.71324112
120 Linear Feature
111  00.37592623  006.71292048 20
115  00.37600168  006.71293780
120 Linear Feature
111  00.37604225  006.71284433 20
115  00.37608031  006.71289955
120 Linear Feature
111  00.37618747  006.71283802 20
115  00.37617180  006.71289967
120 Linear Feature
111  00.37653309  006.71292040 20
115  00.37651565  006.71298397
120 Linear Feature
111  00.37687697  006.71300891 20
115  00.37686254  006.71307080
120 Linear Feature
111  00.37744573  006.71285067 20
115  00.37743797  006.71290703
120 Linear Feature
111  00.37728721  006.71283477 20
115  00.37727287  006.71288345
120 Linear Feature
111  00.37760155  006.71286042 20
115  00.37759948  006.71292689
120 Linear Feature
111  00.37765292  006.71286575 20
115  00.37766574  006.71293361
120 Linear Feature
111  00.37769683  006.71286284 20
115  00.37772852  006.71290375
120 Linear Feature
111  00.37760068  006.71322185 20
115  00.37755784  006.71327459
120 Linear Feature
111  00.37753514  006.71319552 20
115  00.37746507  006.71324365
120 Linear Feature
111  00.37738105  006.71314079 20
115  00.37735856  006.71320425
120 Linear Feature
111  00.37722102  006.71309093 20
115  00.37720657  006.71314954
120 Linear Feature 6
111  00.37591001  006.72144996 1
111  00.37590328  006.72144832 1
111  00.37586136  006.72162123 1
113  00.37586809  006.72162286 1
120 Linear Feature 7
111  00.37592827  006.72135245 1
111  00.37588526  006.72143916 1
113  00.37592975  006.72145074 1
120 Linear Feature 8
111  00.37593496  006.72165109 1
111  00.37587795  006.72163227 1
113  00.37591938  006.72167444 1
120 Linear Feature 5
111  00.38043024  006.70266429 1
111  00.38047079  006.70249109 1
111  00.38046469  006.70248966 1
113  00.38042414  006.70266286 1
120 Linear Feature 3
111  00.38044343  006.70267080 1
111  00.38040468  006.70266038 1
113  00.38040528  006.70274619 1
120 Linear Feature 10
111  00.37595447  006.71266501 1
111  00.37594742  006.71269260 1
115  00.37600744  006.71269095
120 Linear Feature 12
111  00.37605388  006.71272560 1
111  00.37600020  006.71275248 1
113  00.37605931  006.71275314 1
120 Linear Feature 2
111  00.38041517  006.70243148 1
115  00.38039951  006.70245477
120 Linear Feature 1
111  00.38041517  006.70243148 1
111  00.38045645  006.70247380 1
115  00.38039951  006.70245477
120 Linear Feature 11
111  00.37600744  006.71269095 1
115  00.37595447  006.71266501
21  00.37713551  006.71825176 3 283.8 3.00 29  PAPI-4L
21  00.37635631  006.71804153 2 283.8 3.00 29  PAPI-4L
20  00.37726648  006.71284187 15.3 0 3 {@L}A{@R}11-29{@@,@L}A{@Y,^u}APRON_A
20  00.37777435  006.71079869 14.8 0 3 {@L}B{@R}11-29{@@,@L}B{@Y,^u}APRON_B
20  00.37878059  006.71050674 104.0 0 3 {@Y}APRON_B{^r}
20  00.37802989  006.71159083 283.3 0 3 {@Y,^l}APRON_B
20  00.37824213  006.71277601 102.6 0 3 {@Y}APRON_A{^r}
20  00.37752261  006.71371242 283.3 0 3 {@Y,^l}APRON_A
14  00.37538246  006.71149814 98 0 Sao Tome Intl
1300  00.37568988  006.71322425 104.4 tie_down heavy|jets|turboprops|props Apron A Ramp 1
1301 C none 
1300  00.37537253  006.71277141 -75.2 tie_down heavy|jets|turboprops|props Apron A Ramp 2
1301 D none 
1300  00.37642054  006.71072237 -165.4 tie_down jets|turboprops|props|helos|fighters Apron B GA 1
1301 B none 
1300  00.37629898  006.71121600 -164.8 tie_down jets|turboprops|props|helos|fighters Apron B GA 2
1301 B none 
1300  00.37675880  006.71101065 -73.4 tie_down jets|turboprops|props Apron B GA 3
1301 C none 
18  00.37812650  006.71710584 1 Sao Tome Intl
19  00.38047486  006.70426580 0 Windsock
19  00.37587272  006.71980768 1 Windsock
55 12710 Sao Tome APP
56 12710 Sao Tome DEP
54 11890 Sao Tome TWR
1000 Rwy 11
1001 FPST 020 200 100
1002 FPST 0
1003 FPST 0.0
1004 0000 2400
1101 11 left
1100 11 12710 arrivals|departures heavy|jets|turboprops|props|helos|fighters 000000 000000 Arr,Dep Rwy 11
1000 Rwy 29
1001 FPST 201 019 100
1002 FPST 0
1003 FPST 0.0
1004 0000 2400
1101 29 right
1100 29 12710 arrivals|departures heavy|jets|turboprops|props|helos|fighters 000000 000000 Arr,Dep Rwy 29
1200 
1201  00.37615123  006.71272383 both 0 A_stop
1201  00.37713470  006.71080086 both 1 B_stop
1201  00.37773695  006.71093389 both 2 B_stop
1201  00.37596085  006.72121774 both 3 _stop
1201  00.38039831  006.70289014 both 4 _start
1201  00.37840140  006.71108586 both 5 unnamed entity(split)
1201  00.37723770  006.71299573 both 6 A_stop
1201  00.37792034  006.71317518 both 7 unnamed entity(split)
1202 6 0 twoway taxiway_E A
1202 2 1 twoway taxiway_E B
1202 5 2 twoway taxiway_E B
1204 departure 11,29
1204 arrival 11,29
1204 ils 11,29
1202 4 5 twoway runway 11/29
1204 departure 11,29
1204 arrival 11,29
1204 ils 11,29
1202 5 7 twoway runway 11/29
1204 departure 11,29
1204 arrival 11,29
1204 ils 11,29
1202 7 3 twoway runway 11/29
1204 departure 11,29
1204 arrival 11,29
1204 ils 11,29
1202 7 6 twoway taxiway_E A
1204 departure 11,29
1204 arrival 11,29
1204 ils 11,29
99
